   pot porc dim
1    5   96   1
2    5   80   2
3    5   32   3
4    5   16   4
5    5    8   5
6    5   14   6
7    5    4   7
8    5   14   8
9    6   94   1
10   6   74   2
11   6   24   3
12   6   20   4
13   6   18   5
14   6   16   6
15   6    2   7
16   6    4   8
17   7   96   1
18   7   70   2
19   7   34   3
20   7   12   4
21   7   10   5
22   7   10   6
23   7   10   7
24   7    4   8
25   8   96   1
26   8   84   2
27   8   24   3
28   8   16   4
29   8   12   5
30   8    4   6
31   8   12   7
32   8   10   8
33   9  100   1
34   9   66   2
35   9   24   3
36   9   20   4
37   9   12   5
38   9   10   6
39   9    8   7
40   9    2   8
41  10  100   1
42  10   70   2
43  10   24   3
44  10   14   4
45  10    6   5
46  10   14   6
47  10    8   7
48  10    8   8
