    largo dim tiempo
1      32   1      2
2      32   1      4
3      32   1      8
4      32   1      2
5      32   1      2
6      32   1      2
7      32   1      4
8      32   1      6
9      32   1      4
10     32   1      8
11     32   1      2
12     32   1      8
13     32   1     18
14     32   1      2
15     32   1      2
16     32   1      4
17     32   1     16
18     32   1     10
19     32   1      4
20     32   1      2
21     32   1      2
22     32   1      4
23     32   1      2
24     32   1      4
25     32   1      2
26     32   1      2
27     32   1     26
28     32   1      2
29     32   1      2
30     32   1      2
31     32   1      2
32     32   1      4
33     32   1      2
34     32   1      2
35     32   1      2
36     32   1      2
37     32   1      2
38     32   1      2
39     32   1      2
40     32   1      2
41     32   1     20
42     32   1      4
43     32   1     30
44     32   1      2
45     32   1      2
46     32   1      6
47     32   2      2
48     32   2      2
49     32   2      2
50     32   2      8
51     32   2      2
52     32   2      2
53     32   2     22
54     32   2      8
55     32   2      4
56     32   2      2
57     32   2      6
58     32   2      6
59     32   2     12
60     32   2      2
61     32   2     24
62     32   2     10
63     32   2      2
64     32   2      2
65     32   2      4
66     32   2     22
67     32   2     30
68     32   2      2
69     32   3      2
70     32   3      2
71     32   3      2
72     32   3     16
73     32   3      2
74     32   3      4
75     32   3      2
76     32   3      4
77     32   3     10
78     32   3      2
79     32   3      2
80     32   3      2
81     32   3      2
82     32   3      2
83     32   3      2
84     32   3      6
85     32   3      4
86     32   3      2
87     32   3     32
88     32   3      2
89     32   3      2
90     32   4     24
91     32   4      4
92     32   4      2
93     32   4      4
94     32   4      2
95     32   4      4
96     32   4      2
97     32   4      2
98     32   5      2
99     32   5      2
100    32   5      2
101    32   5      2
102    32   5      2
103    32   5      2
104    32   5      2
105    32   6      2
106    32   6      2
107    32   6      4
108    32   6      2
109    32   6      2
110    32   7      2
111    32   7      2
112    32   7      2
113    32   7      2
114    32   7      2
115    32   8      4
116    32   8      2
117    32   8      2
118    32   8      2
119    32   8      4
120    32   8      2
121    64   1      6
122    64   1     14
123    64   1      2
124    64   1     56
125    64   1      6
126    64   1      4
127    64   1      2
128    64   1      4
129    64   1      2
130    64   1      4
131    64   1      2
132    64   1      2
133    64   1      2
134    64   1      2
135    64   1      2
136    64   1      2
137    64   1      4
138    64   1      2
139    64   1      2
140    64   1      2
141    64   1      2
142    64   1      2
143    64   1      2
144    64   1      2
145    64   1      4
146    64   1     10
147    64   1      8
148    64   1     22
149    64   1      8
150    64   1      2
151    64   1     36
152    64   1      2
153    64   1      2
154    64   1      4
155    64   1     20
156    64   1      6
157    64   1      6
158    64   1     14
159    64   1      2
160    64   1      8
161    64   1      2
162    64   1      2
163    64   1     28
164    64   1     56
165    64   1      2
166    64   1      2
167    64   1      2
168    64   2     56
169    64   2     22
170    64   2     16
171    64   2      4
172    64   2      2
173    64   2      4
174    64   2     12
175    64   2     10
176    64   2      2
177    64   2      2
178    64   2      6
179    64   2      8
180    64   2      2
181    64   2      2
182    64   2      6
183    64   2     30
184    64   2      2
185    64   2      8
186    64   2     16
187    64   2      2
188    64   2      2
189    64   2      2
190    64   2     22
191    64   2      4
192    64   2      2
193    64   2      6
194    64   3     34
195    64   3     20
196    64   3      8
197    64   3      2
198    64   3     20
199    64   3      2
200    64   3     50
201    64   3      2
202    64   3      2
203    64   3      2
204    64   3      4
205    64   3      8
206    64   3      2
207    64   3      6
208    64   3      2
209    64   3     18
210    64   3      6
211    64   3     20
212    64   3     30
213    64   3      2
214    64   3      2
215    64   4      8
216    64   4      2
217    64   4     52
218    64   4      6
219    64   4      2
220    64   4      2
221    64   4      2
222    64   4      6
223    64   5      4
224    64   5      2
225    64   5      2
226    64   5      2
227    64   5      4
228    64   5      2
229    64   6      2
230    64   6      2
231    64   6      2
232    64   6      2
233    64   7      2
234    64   7      2
235    64   7      2
236    64   7      2
237    64   8      2
238    64   8      2
239    64   8      2
240   128   1      8
241   128   1      2
242   128   1      2
243   128   1      2
244   128   1      2
245   128   1      4
246   128   1      2
247   128   1      2
248   128   1      2
249   128   1      2
250   128   1      2
251   128   1      4
252   128   1     18
253   128   1      2
254   128   1      2
255   128   1      2
256   128   1      2
257   128   1      2
258   128   1      2
259   128   1     54
260   128   1      2
261   128   1      6
262   128   1    108
263   128   1      8
264   128   1      2
265   128   1     84
266   128   1      2
267   128   1     38
268   128   1      4
269   128   1      2
270   128   1      2
271   128   1      4
272   128   1      4
273   128   1      2
274   128   1      2
275   128   1      4
276   128   1      2
277   128   1      8
278   128   1      2
279   128   1      2
280   128   1     10
281   128   1      4
282   128   1      2
283   128   1      2
284   128   1      8
285   128   1      2
286   128   1      2
287   128   2      6
288   128   2     22
289   128   2      2
290   128   2      4
291   128   2     18
292   128   2      2
293   128   2      8
294   128   2      6
295   128   2      2
296   128   2      2
297   128   2      2
298   128   2      2
299   128   2     12
300   128   2      2
301   128   2     28
302   128   2      8
303   128   2      2
304   128   2      2
305   128   2      4
306   128   2     82
307   128   2      4
308   128   2      2
309   128   2      6
310   128   2      2
311   128   2      2
312   128   2      2
313   128   2     14
314   128   2      2
315   128   2      4
316   128   2      2
317   128   2     10
318   128   2      6
319   128   3      4
320   128   3      4
321   128   3      2
322   128   3      2
323   128   3      2
324   128   3      2
325   128   3     10
326   128   3      4
327   128   3      2
328   128   3     46
329   128   3      2
330   128   3      2
331   128   3      2
332   128   3      2
333   128   3      2
334   128   3      2
335   128   3     14
336   128   3    114
337   128   3      2
338   128   4     16
339   128   4      4
340   128   4      2
341   128   4      4
342   128   4      2
343   128   4      2
344   128   5      2
345   128   5      2
346   128   5      2
347   128   5      2
348   128   5      2
349   128   5      2
350   128   5      2
351   128   5      4
352   128   6      2
353   128   6      2
354   128   6      2
355   128   6      2
356   128   6      2
357   128   6      2
358   128   6      2
359   128   6      2
360   128   6      2
361   128   6     16
362   128   6      2
363   128   6      2
364   128   6     20
365   128   7      2
366   128   7      2
367   128   7      2
368   128   7      2
369   128   7      2
370   128   8      2
371   128   8      2
372   128   8      2
373   256   1     72
374   256   1      2
375   256   1      2
376   256   1      2
377   256   1      2
378   256   1     48
379   256   1     32
380   256   1      4
381   256   1      2
382   256   1      2
383   256   1    118
384   256   1      2
385   256   1      6
386   256   1      6
387   256   1      2
388   256   1      2
389   256   1      2
390   256   1      4
391   256   1      2
392   256   1      4
393   256   1      2
394   256   1     10
395   256   1      2
396   256   1      6
397   256   1      2
398   256   1      2
399   256   1      2
400   256   1      6
401   256   1      2
402   256   1      8
403   256   1      4
404   256   1      2
405   256   1     40
406   256   1      2
407   256   1      2
408   256   1      6
409   256   1      2
410   256   1      6
411   256   1      2
412   256   1      2
413   256   1      2
414   256   1      2
415   256   1      2
416   256   1      2
417   256   1      2
418   256   1      2
419   256   1     10
420   256   2      2
421   256   2      2
422   256   2    182
423   256   2      4
424   256   2    194
425   256   2    136
426   256   2    126
427   256   2      2
428   256   2      2
429   256   2      2
430   256   2      2
431   256   2      6
432   256   2     62
433   256   2      2
434   256   2     10
435   256   2      6
436   256   2      2
437   256   2      4
438   256   2      4
439   256   2     70
440   256   2     26
441   256   2      2
442   256   2     14
443   256   2      2
444   256   2     22
445   256   2      2
446   256   2      2
447   256   2      2
448   256   2      2
449   256   2      2
450   256   2      2
451   256   2      2
452   256   2    118
453   256   2      2
454   256   3      6
455   256   3      2
456   256   3     10
457   256   3      2
458   256   3      2
459   256   3      2
460   256   3      8
461   256   3     10
462   256   3      2
463   256   3      2
464   256   3      6
465   256   3      2
466   256   3      2
467   256   3      4
468   256   3     90
469   256   4     12
470   256   4      2
471   256   4     12
472   256   4      2
473   256   4      2
474   256   4      2
475   256   4     12
476   256   4      4
477   256   4      2
478   256   4      2
479   256   5      4
480   256   5      2
481   256   5      2
482   256   5      2
483   256   5      2
484   256   5      4
485   256   6      2
486   256   6      4
487   256   6      4
488   256   6      2
489   256   6      2
490   256   6      2
491   256   7      2
492   256   7      2
493   256   8      2
494   256   8      2
495   256   8      2
496   512   1      2
497   512   1      2
498   512   1      2
499   512   1      2
500   512   1      2
501   512   1      2
502   512   1      2
503   512   1      6
504   512   1      6
505   512   1     32
506   512   1      2
507   512   1     10
508   512   1    254
509   512   1      2
510   512   1      2
511   512   1      2
512   512   1      2
513   512   1      2
514   512   1      8
515   512   1      2
516   512   1      6
517   512   1      2
518   512   1     12
519   512   1      2
520   512   1      2
521   512   1     12
522   512   1    160
523   512   1      8
524   512   1      4
525   512   1      2
526   512   1      2
527   512   1      2
528   512   1     20
529   512   1      2
530   512   1    116
531   512   1      2
532   512   1      4
533   512   1    160
534   512   1      4
535   512   1      2
536   512   1      6
537   512   1      6
538   512   1      4
539   512   1      4
540   512   1     44
541   512   1    164
542   512   1     30
543   512   1      2
544   512   2     44
545   512   2      2
546   512   2      2
547   512   2      2
548   512   2      2
549   512   2      2
550   512   2      4
551   512   2     12
552   512   2      2
553   512   2      2
554   512   2     38
555   512   2      2
556   512   2    284
557   512   2     18
558   512   2      2
559   512   2      2
560   512   2      2
561   512   2      2
562   512   2    228
563   512   2    212
564   512   2      2
565   512   2      2
566   512   2     10
567   512   2      2
568   512   2      2
569   512   2     18
570   512   2    286
571   512   2      4
572   512   2     24
573   512   2      2
574   512   2      2
575   512   2     80
576   512   2      2
577   512   2     80
578   512   2      2
579   512   2     14
580   512   3      2
581   512   3      8
582   512   3      4
583   512   3      2
584   512   3     16
585   512   3      2
586   512   3      2
587   512   3      4
588   512   3      2
589   512   3      2
590   512   3     16
591   512   3      2
592   512   3     10
593   512   3     22
594   512   3      6
595   512   4      4
596   512   4      2
597   512   4      2
598   512   4      2
599   512   4      4
600   512   4      4
601   512   5      2
602   512   5      2
603   512   5     10
604   512   5      2
605   512   6      4
606   512   6      6
607   512   6      4
608   512   6      4
609   512   6      2
610   512   7      2
611   512   7      4
612   512   7      2
613   512   7      2
614   512   7      2
615   512   8      2
616   512   8      2
617   512   8      2
618  1024   1      2
619  1024   1     22
620  1024   1      2
621  1024   1      4
622  1024   1      6
623  1024   1     12
624  1024   1      2
625  1024   1      2
626  1024   1      2
627  1024   1      2
628  1024   1      2
629  1024   1     52
630  1024   1      4
631  1024   1     14
632  1024   1      2
633  1024   1      2
634  1024   1      2
635  1024   1      2
636  1024   1     56
637  1024   1      2
638  1024   1     26
639  1024   1      2
640  1024   1     62
641  1024   1      2
642  1024   1     34
643  1024   1      4
644  1024   1     76
645  1024   1      2
646  1024   1      2
647  1024   1      2
648  1024   1     18
649  1024   1      2
650  1024   1    128
651  1024   1      2
652  1024   1      2
653  1024   1      2
654  1024   1      2
655  1024   1      4
656  1024   1    826
657  1024   1      2
658  1024   1     14
659  1024   1      4
660  1024   1      2
661  1024   1      2
662  1024   1      6
663  1024   1      2
664  1024   1     12
665  1024   1      2
666  1024   1    150
667  1024   1      2
668  1024   2      2
669  1024   2      4
670  1024   2      6
671  1024   2      2
672  1024   2     12
673  1024   2      6
674  1024   2    232
675  1024   2      8
676  1024   2     88
677  1024   2      8
678  1024   2      2
679  1024   2      6
680  1024   2      8
681  1024   2      8
682  1024   2     22
683  1024   2    164
684  1024   2     12
685  1024   2    108
686  1024   2    130
687  1024   2      4
688  1024   2    134
689  1024   2      2
690  1024   2      2
691  1024   2      2
692  1024   2      2
693  1024   2     46
694  1024   2     24
695  1024   2      2
696  1024   2      4
697  1024   2    642
698  1024   2    174
699  1024   2      2
700  1024   2     10
701  1024   3      2
702  1024   3     12
703  1024   3      2
704  1024   3      2
705  1024   3      2
706  1024   3      2
707  1024   3      2
708  1024   3      2
709  1024   3      2
710  1024   3      4
711  1024   3      2
712  1024   4      2
713  1024   4      6
714  1024   4     80
715  1024   4      2
716  1024   4      2
717  1024   4     10
718  1024   4      2
719  1024   4      2
720  1024   4     12
721  1024   4      2
722  1024   5      2
723  1024   5      8
724  1024   5      2
725  1024   5      2
726  1024   5      2
727  1024   6      2
728  1024   6      2
729  1024   6      2
730  1024   6      2
731  1024   7      4
732  1024   7      2
733  1024   7      2
734  1024   7      4
735  1024   7      2
736  1024   7      4
737  1024   7      4
738  1024   7      2
739  1024   8      2
740  1024   8      4
741  1024   8      2
