    largo dim tiempo
1      32   1     10
2      32   1      2
3      32   1      2
4      32   1      2
5      32   1      2
6      32   1      6
7      32   1      2
8      32   1     12
9      32   1      2
10     32   1      2
11     32   1      2
12     32   1      2
13     32   1      8
14     32   1      4
15     32   1     14
16     32   1      2
17     32   1      2
18     32   1      2
19     32   1      2
20     32   1      2
21     32   1     14
22     32   1      2
23     32   1      2
24     32   1      6
25     32   1      2
26     32   1      2
27     32   1      2
28     32   1      2
29     32   1      2
30     32   1      2
31     32   1      2
32     32   1      6
33     32   1      2
34     32   1     12
35     32   1     10
36     32   1      2
37     32   1      2
38     32   1      2
39     32   1      2
40     32   1      6
41     32   2      2
42     32   2      2
43     32   2      2
44     32   2      2
45     32   2      4
46     32   2      2
47     32   2      4
48     32   2     26
49     32   2      4
50     32   2      2
51     32   2     12
52     32   2     32
53     32   2      2
54     32   2      2
55     32   2      2
56     32   2      2
57     32   2      2
58     32   2      4
59     32   2      2
60     32   2      2
61     32   2     14
62     32   2      2
63     32   2      4
64     32   2     12
65     32   3      2
66     32   3      2
67     32   3     12
68     32   3      2
69     32   3      2
70     32   3      2
71     32   3      2
72     32   3      2
73     32   3      6
74     32   3      2
75     32   3      2
76     32   3     10
77     32   3      2
78     32   3      8
79     32   3      2
80     32   3      2
81     32   3      2
82     32   3      2
83     32   3      2
84     32   3      4
85     32   3      2
86     32   4      2
87     32   4     30
88     32   4     14
89     32   4      2
90     32   4      6
91     32   4      2
92     32   5      6
93     32   5      2
94     32   5      2
95     32   5      2
96     32   5      4
97     32   5      2
98     32   6      2
99     32   6      8
100    32   6      2
101    32   6      4
102    32   6      2
103    32   7      2
104    32   7      2
105    32   7      2
106    32   7      2
107    32   7      2
108    32   7      2
109    32   7      2
110    32   8      2
111    64   1      4
112    64   1      2
113    64   1     16
114    64   1      2
115    64   1      2
116    64   1      2
117    64   1      2
118    64   1      4
119    64   1      2
120    64   1      4
121    64   1      8
122    64   1      8
123    64   1      2
124    64   1      2
125    64   1     30
126    64   1      8
127    64   1     14
128    64   1      2
129    64   1      2
130    64   1      2
131    64   1      2
132    64   1      2
133    64   1      2
134    64   1     40
135    64   1      2
136    64   1      2
137    64   1      2
138    64   1      6
139    64   1      2
140    64   1      2
141    64   1     38
142    64   1      8
143    64   1     16
144    64   1      8
145    64   1     10
146    64   1      2
147    64   1      4
148    64   1      2
149    64   1     16
150    64   1      2
151    64   1     18
152    64   1      4
153    64   1     14
154    64   1     10
155    64   1      2
156    64   1      2
157    64   2     16
158    64   2      2
159    64   2      6
160    64   2      2
161    64   2      2
162    64   2      2
163    64   2      2
164    64   2      8
165    64   2      6
166    64   2      6
167    64   2     52
168    64   2      4
169    64   2      2
170    64   2     26
171    64   2      2
172    64   2      4
173    64   2     16
174    64   2     20
175    64   2     14
176    64   2      2
177    64   2      4
178    64   2      4
179    64   2      2
180    64   2     14
181    64   2      2
182    64   2     30
183    64   2      2
184    64   2      2
185    64   2      2
186    64   3      2
187    64   3      2
188    64   3     10
189    64   3      2
190    64   3      2
191    64   3      2
192    64   3      2
193    64   3      2
194    64   3      2
195    64   3      2
196    64   3     22
197    64   3      4
198    64   3      2
199    64   3      2
200    64   3     32
201    64   3      2
202    64   3     18
203    64   3     12
204    64   3      2
205    64   3      2
206    64   3      2
207    64   4     24
208    64   4      2
209    64   4      2
210    64   4      4
211    64   4      2
212    64   4      2
213    64   4      4
214    64   4      4
215    64   4     12
216    64   4     28
217    64   4      2
218    64   4      4
219    64   4      4
220    64   4      2
221    64   5     10
222    64   5      2
223    64   5      2
224    64   5      2
225    64   5      4
226    64   5      2
227    64   6      2
228    64   6      2
229    64   6      2
230    64   7      2
231    64   7      2
232    64   7      2
233    64   7      2
234    64   7      2
235    64   8      2
236    64   8     10
237    64   8      2
238   128   1    112
239   128   1      2
240   128   1     20
241   128   1      2
242   128   1     24
243   128   1     18
244   128   1      2
245   128   1      4
246   128   1      2
247   128   1      4
248   128   1     16
249   128   1      4
250   128   1      6
251   128   1      4
252   128   1      2
253   128   1      2
254   128   1     16
255   128   1      2
256   128   1      2
257   128   1      4
258   128   1      2
259   128   1      2
260   128   1      2
261   128   1      2
262   128   1     10
263   128   1      6
264   128   1      8
265   128   1      8
266   128   1     12
267   128   1      2
268   128   1      8
269   128   1     28
270   128   1      8
271   128   1      2
272   128   1      2
273   128   1      2
274   128   1     22
275   128   1      6
276   128   1      6
277   128   1     68
278   128   1    110
279   128   1      4
280   128   2     42
281   128   2      2
282   128   2      2
283   128   2      2
284   128   2      8
285   128   2      2
286   128   2      2
287   128   2      2
288   128   2     24
289   128   2     46
290   128   2      4
291   128   2     16
292   128   2      4
293   128   2      2
294   128   2      2
295   128   2      4
296   128   2      2
297   128   2      4
298   128   2      2
299   128   2    128
300   128   2     10
301   128   2      2
302   128   2     10
303   128   2      4
304   128   2      2
305   128   2      2
306   128   2      2
307   128   2      8
308   128   2     18
309   128   2      4
310   128   2      6
311   128   2     68
312   128   2      2
313   128   2      2
314   128   3     14
315   128   3      2
316   128   3      4
317   128   3      2
318   128   3      4
319   128   3      2
320   128   3      2
321   128   3      6
322   128   3     10
323   128   3      2
324   128   3     10
325   128   3      2
326   128   3      4
327   128   3      2
328   128   3      2
329   128   4     20
330   128   4      6
331   128   4      4
332   128   4      4
333   128   4      2
334   128   4      2
335   128   4      2
336   128   4      2
337   128   5      2
338   128   6      2
339   128   6      2
340   128   6     10
341   128   6      2
342   128   7      2
343   128   7      2
344   128   7      6
345   128   8      2
346   128   8      2
347   128   8      2
348   128   8      2
349   128   8      2
350   256   1      2
351   256   1      2
352   256   1    186
353   256   1      2
354   256   1     36
355   256   1      2
356   256   1     66
357   256   1      6
358   256   1      2
359   256   1      2
360   256   1     26
361   256   1      2
362   256   1      2
363   256   1      8
364   256   1      2
365   256   1      2
366   256   1      2
367   256   1      4
368   256   1      4
369   256   1     30
370   256   1      2
371   256   1      2
372   256   1      4
373   256   1      2
374   256   1      2
375   256   1     10
376   256   1    230
377   256   1      2
378   256   1      2
379   256   1      6
380   256   1      8
381   256   1      2
382   256   1      2
383   256   1     10
384   256   1      2
385   256   1    172
386   256   1      2
387   256   1      2
388   256   1     70
389   256   1      2
390   256   1      2
391   256   1    158
392   256   1      2
393   256   1      8
394   256   1      2
395   256   1      2
396   256   1      4
397   256   1    206
398   256   2      2
399   256   2      2
400   256   2      2
401   256   2     16
402   256   2     18
403   256   2      8
404   256   2      2
405   256   2      2
406   256   2      2
407   256   2      2
408   256   2      2
409   256   2     22
410   256   2     28
411   256   2     16
412   256   2      2
413   256   2     12
414   256   2      2
415   256   2      2
416   256   2     50
417   256   2      2
418   256   2     64
419   256   2      4
420   256   2      2
421   256   2     20
422   256   2     92
423   256   2     32
424   256   2      2
425   256   2      2
426   256   2      4
427   256   2      4
428   256   2      2
429   256   2      2
430   256   2      2
431   256   2      4
432   256   2     12
433   256   2      2
434   256   3      4
435   256   3      2
436   256   3      6
437   256   3      6
438   256   3      2
439   256   3     28
440   256   3     94
441   256   3      4
442   256   3     42
443   256   3      4
444   256   3      2
445   256   3     10
446   256   3     22
447   256   3      2
448   256   3     12
449   256   3    118
450   256   3      2
451   256   4      2
452   256   4      2
453   256   4      6
454   256   4      2
455   256   4      2
456   256   4      2
457   256   4      4
458   256   4      2
459   256   5      2
460   256   5      2
461   256   5      2
462   256   5      2
463   256   5      2
464   256   5      2
465   256   5      2
466   256   6      2
467   256   6      2
468   256   6      4
469   256   6      2
470   256   6      2
471   256   6      2
472   256   6      2
473   256   6      2
474   256   7      2
475   256   7      2
476   256   7      2
477   256   7      2
478   256   8      2
479   256   8      2
480   256   8      2
481   256   8      2
482   256   8      2
483   512   1      2
484   512   1      2
485   512   1    364
486   512   1      2
487   512   1      2
488   512   1      2
489   512   1     10
490   512   1      2
491   512   1      6
492   512   1      2
493   512   1     24
494   512   1      2
495   512   1      2
496   512   1      2
497   512   1     20
498   512   1      2
499   512   1      4
500   512   1      2
501   512   1      2
502   512   1      8
503   512   1      4
504   512   1      2
505   512   1      2
506   512   1      4
507   512   1      8
508   512   1      2
509   512   1     42
510   512   1      2
511   512   1      4
512   512   1      6
513   512   1      2
514   512   1      8
515   512   1     30
516   512   1      2
517   512   1      2
518   512   1      4
519   512   1      2
520   512   1      2
521   512   1      2
522   512   1      4
523   512   1      4
524   512   1    298
525   512   1     18
526   512   1      2
527   512   1     26
528   512   1      2
529   512   2      2
530   512   2     18
531   512   2     16
532   512   2      2
533   512   2      4
534   512   2    398
535   512   2     10
536   512   2      2
537   512   2      2
538   512   2      2
539   512   2      2
540   512   2     70
541   512   2     28
542   512   2      4
543   512   2      2
544   512   2     10
545   512   2      2
546   512   2      2
547   512   2      2
548   512   2      8
549   512   2      2
550   512   2      2
551   512   2     70
552   512   2      2
553   512   2      8
554   512   2      2
555   512   2     16
556   512   2     28
557   512   2     14
558   512   2      4
559   512   2     28
560   512   3      2
561   512   3      2
562   512   3      2
563   512   3      2
564   512   3      2
565   512   3    188
566   512   3      2
567   512   3      2
568   512   3      4
569   512   3      2
570   512   3    102
571   512   3     18
572   512   3     12
573   512   3     16
574   512   3      4
575   512   3      2
576   512   3      2
577   512   3     18
578   512   3     16
579   512   4      2
580   512   4      6
581   512   4      4
582   512   4     18
583   512   5      6
584   512   5      2
585   512   5     42
586   512   5      2
587   512   5      2
588   512   5      2
589   512   6      2
590   512   6      2
591   512   6      2
592   512   6      4
593   512   6      2
594   512   6      8
595   512   7      2
596   512   7      4
597   512   7      2
598   512   7      2
599   512   7      2
600   512   8      2
601   512   8      2
602   512   8      2
603   512   8      2
604  1024   1     96
605  1024   1      2
606  1024   1     66
607  1024   1      6
608  1024   1      2
609  1024   1     18
610  1024   1      2
611  1024   1      8
612  1024   1      4
613  1024   1      6
614  1024   1      2
615  1024   1      2
616  1024   1     16
617  1024   1      2
618  1024   1      2
619  1024   1      6
620  1024   1     70
621  1024   1     10
622  1024   1     20
623  1024   1      6
624  1024   1      8
625  1024   1    120
626  1024   1      2
627  1024   1     18
628  1024   1      2
629  1024   1      2
630  1024   1      2
631  1024   1      8
632  1024   1      2
633  1024   1     20
634  1024   1      6
635  1024   1     12
636  1024   1      2
637  1024   1      2
638  1024   1      2
639  1024   1      2
640  1024   1      2
641  1024   1      2
642  1024   1      2
643  1024   1      2
644  1024   1      4
645  1024   1      2
646  1024   1     34
647  1024   1     10
648  1024   1     10
649  1024   1     12
650  1024   2      4
651  1024   2      6
652  1024   2    104
653  1024   2      4
654  1024   2     14
655  1024   2    110
656  1024   2      2
657  1024   2    270
658  1024   2      6
659  1024   2     14
660  1024   2     14
661  1024   2      8
662  1024   2     66
663  1024   2      4
664  1024   2      2
665  1024   2      2
666  1024   2      4
667  1024   2      2
668  1024   2      2
669  1024   2      4
670  1024   2      4
671  1024   2      2
672  1024   2      4
673  1024   2     12
674  1024   2     12
675  1024   2      2
676  1024   2      4
677  1024   2     24
678  1024   2    212
679  1024   2      2
680  1024   2     46
681  1024   2     18
682  1024   2      2
683  1024   2     86
684  1024   3    924
685  1024   3     12
686  1024   3      4
687  1024   3      2
688  1024   3      4
689  1024   3     18
690  1024   3     10
691  1024   3      2
692  1024   3      2
693  1024   3      4
694  1024   3      2
695  1024   3      2
696  1024   3      6
697  1024   3      2
698  1024   4      2
699  1024   4      2
700  1024   4      6
701  1024   4      2
702  1024   4     10
703  1024   4      2
704  1024   4      4
705  1024   4      2
706  1024   4      2
707  1024   5      2
708  1024   5      2
709  1024   5      2
710  1024   5     10
711  1024   5      2
712  1024   5      2
713  1024   5      2
714  1024   5      2
715  1024   6      2
716  1024   6      2
717  1024   6     12
718  1024   6      4
719  1024   6      2
720  1024   7      2
721  1024   7      2
722  1024   8     10
723  1024   8      2
