DescribeResult(nobs=10, minmax=(135.44480419158936, 409.5588700771332), mean=169.0052546262741, variance=7151.784668434658, skewness=2.6611373927292488, kurtosis=5.094174222975466)
DescribeResult(nobs=10, minmax=(130.15070748329163, 198.36820888519287), mean=144.7759846687317, variance=394.52370714712947, skewness=2.190872436973525, kurtosis=3.6257902348298767)
DescribeResult(nobs=10, minmax=(131.0253300666809, 145.77903771400452), mean=139.17367556095124, variance=19.95439194107599, skewness=-0.6868083458668902, kurtosis=-0.39926043515993426)


911022
15485867 -1
15485868 2
15485869 7
15485870 2
15485871 3
15485872 2
15485873 13
15485874 2
15485875 5
15485876 2
15485877 3
15485878 2
15485879 233
15485880 2
15485881 71
15485882 2
15485883 3
15485884 2
15485885 5
15485886 2
15485887 61
15485888 2
15485889 3
15485890 2
15485891 43
15485892 2
15485893 19
15485894 2
15485895 3
15485896 2
15485897 7
15485898 2
15485899 11
15485900 2
15485901 3
15485902 2
15485903 131
15485904 2
15485905 5
15485906 2
15485907 3
15485908 2
15485909 3083
15485910 2
15485911 7
15485912 2
15485913 3
15485914 2
15485915 5
15485916 2
15485917 -1
15485918 2
15485919 3
15485920 2
15485921 11
15485922 2
15485923 23
15485924 2
15485925 3
15485926 2
15485927 -1
15485928 2
15485929 17
15485930 2
15485931 3
15485932 2
15485933 -1
15485934 2
15485935 5
15485936 2
15485937 3
15485938 2
15485939 7
15485940 2
15485941 -1
15485942 2
15485943 3
15485944 2
15485945 5
15485946 2
15485947 103
15485948 2
15485949 3
15485950 2
15485951 13
15485952 2
15485953 7
15485954 2
15485955 3
15485956 2
15485957 31
15485958 2
15485959 -1
15485960 2
15485961 3
15485962 2
15485963 17
15485964 2
15485965 5
15485966 2
15485967 3
15485968 2
15485969 19
15485970 2
15485971 29
15485972 2
15485973 3
15485974 2
15485975 5
15485976 2
15485977 13
15485978 2
15485979 3
15485980 2
15485981 7
15485982 2
15485983 47
15485984 2
15485985 3
15485986 2
15485987 11
15485988 2
15485989 -1
15485990 2
15485991 3
15485992 2
15485993 -1
15485994 2
15485995 5
15485996 2
15485997 3
15485998 2
15485999 127
15486000 2
15486001 73
15486002 2
15486003 3
15486004 2
15486005 5
15486006 2
15486007 19
15486008 2
15486009 3
15486010 2
15486011 2311
15486012 2
15486013 -1
15486014 2
15486015 3
15486016 2
15486017 37
15486018 2
15486019 31
15486020 2
15486021 3
15486022 2
15486023 7
15486024 2
15486025 5
15486026 2
15486027 3
15486028 2
15486029 13
15486030 2
15486031 11
15486032 2
15486033 3
15486034 2
15486035 5
15486036 2
15486037 7
15486038 2
15486039 3
15486040 2
15486041 -1
15486042 2
15486043 283
15486044 2
15486045 3
15486046 2
15486047 -1
15485867 -1
15485868 2
15485869 7
15485870 2
15485871 3
15485872 2
15485873 13
15485874 2
15485875 5
15485876 2
15485877 3
15485878 2
15485879 233
15485880 2
15485881 71
15485882 2
15485883 3
15485884 2
15485885 5
15485886 2
15485887 61
15485888 2
15485889 3
15485890 2
15485891 43
15485892 2
15485893 19
15485894 2
15485895 3
15485896 2
15485897 7
15485898 2
15485899 11
15485900 2
15485901 3
15485902 2
15485903 131
15485904 2
15485905 5
15485906 2
15485907 3
15485908 2
15485909 3083
15485910 2
15485911 7
15485912 2
15485913 3
15485914 2
15485915 5
15485916 2
15485917 -1
15485918 2
15485919 3
15485920 2
15485921 11
15485922 2
15485923 23
15485924 2
15485925 3
15485926 2
15485927 -1
15485928 2
15485929 17
15485930 2
15485931 3
15485932 2
15485933 -1
15485934 2
15485935 5
15485936 2
15485937 3
15485938 2
15485939 7
15485940 2
15485941 -1
15485942 2
15485943 3
15485944 2
15485945 5
15485946 2
15485947 103
15485948 2
15485949 3
15485950 2
15485951 13
15485952 2
15485953 7
15485954 2
15485955 3
15485956 2
15485957 31
15485958 2
15485959 -1
15485960 2
15485961 3
15485962 2
15485963 17
15485964 2
15485965 5
15485966 2
15485967 3
15485968 2
15485969 19
15485970 2
15485971 29
15485972 2
15485973 3
15485974 2
15485975 5
15485976 2
15485977 13
15485978 2
15485979 3
15485980 2
15485981 7
15485982 2
15485983 47
15485984 2
15485985 3
15485986 2
15485987 11
15485988 2
15485989 -1
15485990 2
15485991 3
15485992 2
15485993 -1
15485994 2
15485995 5
15485996 2
15485997 3
15485998 2
15485999 127
15486000 2
15486001 73
15486002 2
15486003 3
15486004 2
15486005 5
15486006 2
15486007 19
15486008 2
15486009 3
15486010 2
15486011 2311
15486012 2
15486013 -1
15486014 2
15486015 3
15486016 2
15486017 37
15486018 2
15486019 31
15486020 2
15486021 3
15486022 2
15486023 7
15486024 2
15486025 5
15486026 2
15486027 3
15486028 2
15486029 13
15486030 2
15486031 11
15486032 2
15486033 3
15486034 2
15486035 5
15486036 2
15486037 7
15486038 2
15486039 3
15486040 2
15486041 -1
15486042 2
15486043 283
15486044 2
15486045 3
15486046 2
15486047 -1
15485867 -1
15485868 2
15485869 7
15485870 2
15485871 3
15485872 2
15485873 13
15485874 2
15485875 5
15485876 2
15485877 3
15485878 2
15485879 233
15485880 2
15485881 71
15485882 2
15485883 3
15485884 2
15485885 5
15485886 2
15485887 61
15485888 2
15485889 3
15485890 2
15485891 43
15485892 2
15485893 19
15485894 2
15485895 3
15485896 2
15485897 7
15485898 2
15485899 11
15485900 2
15485901 3
15485902 2
15485903 131
15485904 2
15485905 5
15485906 2
15485907 3
15485908 2
15485909 3083
15485910 2
15485911 7
15485912 2
15485913 3
15485914 2
15485915 5
15485916 2
15485917 -1
15485918 2
15485919 3
15485920 2
15485921 11
15485922 2
15485923 23
15485924 2
15485925 3
15485926 2
15485927 -1
15485928 2
15485929 17
15485930 2
15485931 3
15485932 2
15485933 -1
15485934 2
15485935 5
15485936 2
15485937 3
15485938 2
15485939 7
15485940 2
15485941 -1
15485942 2
15485943 3
15485944 2
15485945 5
15485946 2
15485947 103
15485948 2
15485949 3
15485950 2
15485951 13
15485952 2
15485953 7
15485954 2
15485955 3
15485956 2
15485957 31
15485958 2
15485959 -1
15485960 2
15485961 3
15485962 2
15485963 17
15485964 2
15485965 5
15485966 2
15485967 3
15485968 2
15485969 19
15485970 2
15485971 29
15485972 2
15485973 3
15485974 2
15485975 5
15485976 2
15485977 13
15485978 2
15485979 3
15485980 2
15485981 7
15485982 2
15485983 47
15485984 2
15485985 3
15485986 2
15485987 11
15485988 2
15485989 -1
15485990 2
15485991 3
15485992 2
15485993 -1
15485994 2
15485995 5
15485996 2
15485997 3
15485998 2
15485999 127
15486000 2
15486001 73
15486002 2
15486003 3
15486004 2
15486005 5
15486006 2
15486007 19
15486008 2
15486009 3
15486010 2
15486011 2311
15486012 2
15486013 -1
15486014 2
15486015 3
15486016 2
15486017 37
15486018 2
15486019 31
15486020 2
15486021 3
15486022 2
15486023 7
15486024 2
15486025 5
15486026 2
15486027 3
15486028 2
15486029 13
15486030 2
15486031 11
15486032 2
15486033 3
15486034 2
15486035 5
15486036 2
15486037 7
15486038 2
15486039 3
15486040 2
15486041 -1
15486042 2
15486043 283
15486044 2
15486045 3
15486046 2
15486047 -1
15485867 -1
15485868 2
15485869 7
15485870 2
15485871 3
15485872 2
15485873 13
15485874 2
15485875 5
15485876 2
15485877 3
15485878 2
15485879 233
15485880 2
15485881 71
15485882 2
15485883 3
15485884 2
15485885 5
15485886 2
15485887 61
15485888 2
15485889 3
15485890 2
15485891 43
15485892 2
15485893 19
15485894 2
15485895 3
15485896 2
15485897 7
15485898 2
15485899 11
15485900 2
15485901 3
15485902 2
15485903 131
15485904 2
15485905 5
15485906 2
15485907 3
15485908 2
15485909 3083
15485910 2
15485911 7
15485912 2
15485913 3
15485914 2
15485915 5
15485916 2
15485917 -1
15485918 2
15485919 3
15485920 2
15485921 11
15485922 2
15485923 23
15485924 2
15485925 3
15485926 2
15485927 -1
15485928 2
15485929 17
15485930 2
15485931 3
15485932 2
15485933 -1
15485934 2
15485935 5
15485936 2
15485937 3
15485938 2
15485939 7
15485940 2
15485941 -1
15485942 2
15485943 3
15485944 2
15485945 5
15485946 2
15485947 103
15485948 2
15485949 3
15485950 2
15485951 13
15485952 2
15485953 7
15485954 2
15485955 3
15485956 2
15485957 31
15485958 2
15485959 -1
15485960 2
15485961 3
15485962 2
15485963 17
15485964 2
15485965 5
15485966 2
15485967 3
15485968 2
15485969 19
15485970 2
15485971 29
15485972 2
15485973 3
15485974 2
15485975 5
15485976 2
15485977 13
15485978 2
15485979 3
15485980 2
15485981 7
15485982 2
15485983 47
15485984 2
15485985 3
15485986 2
15485987 11
15485988 2
15485989 -1
15485990 2
15485991 3
15485992 2
15485993 -1
15485994 2
15485995 5
15485996 2
15485997 3
15485998 2
15485999 127
15486000 2
15486001 73
15486002 2
15486003 3
15486004 2
15486005 5
15486006 2
15486007 19
15486008 2
15486009 3
15486010 2
15486011 2311
15486012 2
15486013 -1
15486014 2
15486015 3
15486016 2
15486017 37
15486018 2
15486019 31
15486020 2
15486021 3
15486022 2
15486023 7
15486024 2
15486025 5
15486026 2
15486027 3
15486028 2
15486029 13
15486030 2
15486031 11
15486032 2
15486033 3
15486034 2
15486035 5
15486036 2
15486037 7
15486038 2
15486039 3
15486040 2
15486041 -1
15486042 2
15486043 283
15486044 2
15486045 3
15486046 2
15486047 -1
15485867 -1
15485868 2
15485869 7
15485870 2
15485871 3
15485872 2
15485873 13
15485874 2
15485875 5
15485876 2
15485877 3
15485878 2
15485879 233
15485880 2
15485881 71
15485882 2
15485883 3
15485884 2
15485885 5
15485886 2
15485887 61
15485888 2
15485889 3
15485890 2
15485891 43
15485892 2
15485893 19
15485894 2
15485895 3
15485896 2
15485897 7
15485898 2
15485899 11
15485900 2
15485901 3
15485902 2
15485903 131
15485904 2
15485905 5
15485906 2
15485907 3
15485908 2
15485909 3083
15485910 2
15485911 7
15485912 2
15485913 3
15485914 2
15485915 5
15485916 2
15485917 -1
15485918 2
15485919 3
15485920 2
15485921 11
15485922 2
15485923 23
15485924 2
15485925 3
15485926 2
15485927 -1
15485928 2
15485929 17
15485930 2
15485931 3
15485932 2
15485933 -1
15485934 2
15485935 5
15485936 2
15485937 3
15485938 2
15485939 7
15485940 2
15485941 -1
15485942 2
15485943 3
15485944 2
15485945 5
15485946 2
15485947 103
15485948 2
15485949 3
15485950 2
15485951 13
15485952 2
15485953 7
15485954 2
15485955 3
15485956 2
15485957 31
15485958 2
15485959 -1
15485960 2
15485961 3
15485962 2
15485963 17
15485964 2
15485965 5
15485966 2
15485967 3
15485968 2
15485969 19
15485970 2
15485971 29
15485972 2
15485973 3
15485974 2
15485975 5
15485976 2
15485977 13
15485978 2
15485979 3
15485980 2
15485981 7
15485982 2
15485983 47
15485984 2
15485985 3
15485986 2
15485987 11
15485988 2
15485989 -1
15485990 2
15485991 3
15485992 2
15485993 -1
15485994 2
15485995 5
15485996 2
15485997 3
15485998 2
15485999 127
15486000 2
15486001 73
15486002 2
15486003 3
15486004 2
15486005 5
15486006 2
15486007 19
15486008 2
15486009 3
15486010 2
15486011 2311
15486012 2
15486013 -1
15486014 2
15486015 3
15486016 2
15486017 37
15486018 2
15486019 31
15486020 2
15486021 3
15486022 2
15486023 7
15486024 2
15486025 5
15486026 2
15486027 3
15486028 2
15486029 13
15486030 2
15486031 11
15486032 2
15486033 3
15486034 2
15486035 5
15486036 2
15486037 7
15486038 2
15486039 3
15486040 2
15486041 -1
15486042 2
15486043 283
15486044 2
15486045 3
15486046 2
15486047 -1
15485867 -1
15485868 2
15485869 7
15485870 2
15485871 3
15485872 2
15485873 13
15485874 2
15485875 5
15485876 2
15485877 3
15485878 2
15485879 233
15485880 2
15485881 71
15485882 2
15485883 3
15485884 2
15485885 5
15485886 2
15485887 61
15485888 2
15485889 3
15485890 2
15485891 43
15485892 2
15485893 19
15485894 2
15485895 3
15485896 2
15485897 7
15485898 2
15485899 11
15485900 2
15485901 3
15485902 2
15485903 131
15485904 2
15485905 5
15485906 2
15485907 3
15485908 2
15485909 3083
15485910 2
15485911 7
15485912 2
15485913 3
15485914 2
15485915 5
15485916 2
15485917 -1
15485918 2
15485919 3
15485920 2
15485921 11
15485922 2
15485923 23
15485924 2
15485925 3
15485926 2
15485927 -1
15485928 2
15485929 17
15485930 2
15485931 3
15485932 2
15485933 -1
15485934 2
15485935 5
15485936 2
15485937 3
15485938 2
15485939 7
15485940 2
15485941 -1
15485942 2
15485943 3
15485944 2
15485945 5
15485946 2
15485947 103
15485948 2
15485949 3
15485950 2
15485951 13
15485952 2
15485953 7
15485954 2
15485955 3
15485956 2
15485957 31
15485958 2
15485959 -1
15485960 2
15485961 3
15485962 2
15485963 17
15485964 2
15485965 5
15485966 2
15485967 3
15485968 2
15485969 19
15485970 2
15485971 29
15485972 2
15485973 3
15485974 2
15485975 5
15485976 2
15485977 13
15485978 2
15485979 3
15485980 2
15485981 7
15485982 2
15485983 47
15485984 2
15485985 3
15485986 2
15485987 11
15485988 2
15485989 -1
15485990 2
15485991 3
15485992 2
15485993 -1
15485994 2
15485995 5
15485996 2
15485997 3
15485998 2
15485999 127
15486000 2
15486001 73
15486002 2
15486003 3
15486004 2
15486005 5
15486006 2
15486007 19
15486008 2
15486009 3
15486010 2
15486011 2311
15486012 2
15486013 -1
15486014 2
15486015 3
15486016 2
15486017 37
15486018 2
15486019 31
15486020 2
15486021 3
15486022 2
15486023 7
15486024 2
15486025 5
15486026 2
15486027 3
15486028 2
15486029 13
15486030 2
15486031 11
15486032 2
15486033 3
15486034 2
15486035 5
15486036 2
15486037 7
15486038 2
15486039 3
15486040 2
15486041 -1
15486042 2
15486043 283
15486044 2
15486045 3
15486046 2
15486047 -1
15485867 -1
15485868 2
15485869 7
15485870 2
15485871 3
15485872 2
15485873 13
15485874 2
15485875 5
15485876 2
15485877 3
15485878 2
15485879 233
15485880 2
15485881 71
15485882 2
15485883 3
15485884 2
15485885 5
15485886 2
15485887 61
15485888 2
15485889 3
15485890 2
15485891 43
15485892 2
15485893 19
15485894 2
15485895 3
15485896 2
15485897 7
15485898 2
15485899 11
15485900 2
15485901 3
15485902 2
15485903 131
15485904 2
15485905 5
15485906 2
15485907 3
15485908 2
15485909 3083
15485910 2
15485911 7
15485912 2
15485913 3
15485914 2
15485915 5
15485916 2
15485917 -1
15485918 2
15485919 3
15485920 2
15485921 11
15485922 2
15485923 23
15485924 2
15485925 3
15485926 2
15485927 -1
15485928 2
15485929 17
15485930 2
15485931 3
15485932 2
15485933 -1
15485934 2
15485935 5
15485936 2
15485937 3
15485938 2
15485939 7
15485940 2
15485941 -1
15485942 2
15485943 3
15485944 2
15485945 5
15485946 2
15485947 103
15485948 2
15485949 3
15485950 2
15485951 13
15485952 2
15485953 7
15485954 2
15485955 3
15485956 2
15485957 31
15485958 2
15485959 -1
15485960 2
15485961 3
15485962 2
15485963 17
15485964 2
15485965 5
15485966 2
15485967 3
15485968 2
15485969 19
15485970 2
15485971 29
15485972 2
15485973 3
15485974 2
15485975 5
15485976 2
15485977 13
15485978 2
15485979 3
15485980 2
15485981 7
15485982 2
15485983 47
15485984 2
15485985 3
15485986 2
15485987 11
15485988 2
15485989 -1
15485990 2
15485991 3
15485992 2
15485993 -1
15485994 2
15485995 5
15485996 2
15485997 3
15485998 2
15485999 127
15486000 2
15486001 73
15486002 2
15486003 3
15486004 2
15486005 5
15486006 2
15486007 19
15486008 2
15486009 3
15486010 2
15486011 2311
15486012 2
15486013 -1
15486014 2
15486015 3
15486016 2
15486017 37
15486018 2
15486019 31
15486020 2
15486021 3
15486022 2
15486023 7
15486024 2
15486025 5
15486026 2
15486027 3
15486028 2
15486029 13
15486030 2
15486031 11
15486032 2
15486033 3
15486034 2
15486035 5
15486036 2
15486037 7
15486038 2
15486039 3
15486040 2
15486041 -1
15486042 2
15486043 283
15486044 2
15486045 3
15486046 2
15486047 -1
15485867 -1
15485868 2
15485869 7
15485870 2
15485871 3
15485872 2
15485873 13
15485874 2
15485875 5
15485876 2
15485877 3
15485878 2
15485879 233
15485880 2
15485881 71
15485882 2
15485883 3
15485884 2
15485885 5
15485886 2
15485887 61
15485888 2
15485889 3
15485890 2
15485891 43
15485892 2
15485893 19
15485894 2
15485895 3
15485896 2
15485897 7
15485898 2
15485899 11
15485900 2
15485901 3
15485902 2
15485903 131
15485904 2
15485905 5
15485906 2
15485907 3
15485908 2
15485909 3083
15485910 2
15485911 7
15485912 2
15485913 3
15485914 2
15485915 5
15485916 2
15485917 -1
15485918 2
15485919 3
15485920 2
15485921 11
15485922 2
15485923 23
15485924 2
15485925 3
15485926 2
15485927 -1
15485928 2
15485929 17
15485930 2
15485931 3
15485932 2
15485933 -1
15485934 2
15485935 5
15485936 2
15485937 3
15485938 2
15485939 7
15485940 2
15485941 -1
15485942 2
15485943 3
15485944 2
15485945 5
15485946 2
15485947 103
15485948 2
15485949 3
15485950 2
15485951 13
15485952 2
15485953 7
15485954 2
15485955 3
15485956 2
15485957 31
15485958 2
15485959 -1
15485960 2
15485961 3
15485962 2
15485963 17
15485964 2
15485965 5
15485966 2
15485967 3
15485968 2
15485969 19
15485970 2
15485971 29
15485972 2
15485973 3
15485974 2
15485975 5
15485976 2
15485977 13
15485978 2
15485979 3
15485980 2
15485981 7
15485982 2
15485983 47
15485984 2
15485985 3
15485986 2
15485987 11
15485988 2
15485989 -1
15485990 2
15485991 3
15485992 2
15485993 -1
15485994 2
15485995 5
15485996 2
15485997 3
15485998 2
15485999 127
15486000 2
15486001 73
15486002 2
15486003 3
15486004 2
15486005 5
15486006 2
15486007 19
15486008 2
15486009 3
15486010 2
15486011 2311
15486012 2
15486013 -1
15486014 2
15486015 3
15486016 2
15486017 37
15486018 2
15486019 31
15486020 2
15486021 3
15486022 2
15486023 7
15486024 2
15486025 5
15486026 2
15486027 3
15486028 2
15486029 13
15486030 2
15486031 11
15486032 2
15486033 3
15486034 2
15486035 5
15486036 2
15486037 7
15486038 2
15486039 3
15486040 2
15486041 -1
15486042 2
15486043 283
15486044 2
15486045 3
15486046 2
15486047 -1
15485867 -1
15485868 2
15485869 7
15485870 2
15485871 3
15485872 2
15485873 13
15485874 2
15485875 5
15485876 2
15485877 3
15485878 2
15485879 233
15485880 2
15485881 71
15485882 2
15485883 3
15485884 2
15485885 5
15485886 2
15485887 61
15485888 2
15485889 3
15485890 2
15485891 43
15485892 2
15485893 19
15485894 2
15485895 3
15485896 2
15485897 7
15485898 2
15485899 11
15485900 2
15485901 3
15485902 2
15485903 131
15485904 2
15485905 5
15485906 2
15485907 3
15485908 2
15485909 3083
15485910 2
15485911 7
15485912 2
15485913 3
15485914 2
15485915 5
15485916 2
15485917 -1
15485918 2
15485919 3
15485920 2
15485921 11
15485922 2
15485923 23
15485924 2
15485925 3
15485926 2
15485927 -1
15485928 2
15485929 17
15485930 2
15485931 3
15485932 2
15485933 -1
15485934 2
15485935 5
15485936 2
15485937 3
15485938 2
15485939 7
15485940 2
15485941 -1
15485942 2
15485943 3
15485944 2
15485945 5
15485946 2
15485947 103
15485948 2
15485949 3
15485950 2
15485951 13
15485952 2
15485953 7
15485954 2
15485955 3
15485956 2
15485957 31
15485958 2
15485959 -1
15485960 2
15485961 3
15485962 2
15485963 17
15485964 2
15485965 5
15485966 2
15485967 3
15485968 2
15485969 19
15485970 2
15485971 29
15485972 2
15485973 3
15485974 2
15485975 5
15485976 2
15485977 13
15485978 2
15485979 3
15485980 2
15485981 7
15485982 2
15485983 47
15485984 2
15485985 3
15485986 2
15485987 11
15485988 2
15485989 -1
15485990 2
15485991 3
15485992 2
15485993 -1
15485994 2
15485995 5
15485996 2
15485997 3
15485998 2
15485999 127
15486000 2
15486001 73
15486002 2
15486003 3
15486004 2
15486005 5
15486006 2
15486007 19
15486008 2
15486009 3
15486010 2
15486011 2311
15486012 2
15486013 -1
15486014 2
15486015 3
15486016 2
15486017 37
15486018 2
15486019 31
15486020 2
15486021 3
15486022 2
15486023 7
15486024 2
15486025 5
15486026 2
15486027 3
15486028 2
15486029 13
15486030 2
15486031 11
15486032 2
15486033 3
15486034 2
15486035 5
15486036 2
15486037 7
15486038 2
15486039 3
15486040 2
15486041 -1
15486042 2
15486043 283
15486044 2
15486045 3
15486046 2
15486047 -1
15485867 -1
15485868 2
15485869 7
15485870 2
15485871 3
15485872 2
15485873 13
15485874 2
15485875 5
15485876 2
15485877 3
15485878 2
15485879 233
15485880 2
15485881 71
15485882 2
15485883 3
15485884 2
15485885 5
15485886 2
15485887 61
15485888 2
15485889 3
15485890 2
15485891 43
15485892 2
15485893 19
15485894 2
15485895 3
15485896 2
15485897 7
15485898 2
15485899 11
15485900 2
15485901 3
15485902 2
15485903 131
15485904 2
15485905 5
15485906 2
15485907 3
15485908 2
15485909 3083
15485910 2
15485911 7
15485912 2
15485913 3
15485914 2
15485915 5
15485916 2
15485917 -1
15485918 2
15485919 3
15485920 2
15485921 11
15485922 2
15485923 23
15485924 2
15485925 3
15485926 2
15485927 -1
15485928 2
15485929 17
15485930 2
15485931 3
15485932 2
15485933 -1
15485934 2
15485935 5
15485936 2
15485937 3
15485938 2
15485939 7
15485940 2
15485941 -1
15485942 2
15485943 3
15485944 2
15485945 5
15485946 2
15485947 103
15485948 2
15485949 3
15485950 2
15485951 13
15485952 2
15485953 7
15485954 2
15485955 3
15485956 2
15485957 31
15485958 2
15485959 -1
15485960 2
15485961 3
15485962 2
15485963 17
15485964 2
15485965 5
15485966 2
15485967 3
15485968 2
15485969 19
15485970 2
15485971 29
15485972 2
15485973 3
15485974 2
15485975 5
15485976 2
15485977 13
15485978 2
15485979 3
15485980 2
15485981 7
15485982 2
15485983 47
15485984 2
15485985 3
15485986 2
15485987 11
15485988 2
15485989 -1
15485990 2
15485991 3
15485992 2
15485993 -1
15485994 2
15485995 5
15485996 2
15485997 3
15485998 2
15485999 127
15486000 2
15486001 73
15486002 2
15486003 3
15486004 2
15486005 5
15486006 2
15486007 19
15486008 2
15486009 3
15486010 2
15486011 2311
15486012 2
15486013 -1
15486014 2
15486015 3
15486016 2
15486017 37
15486018 2
15486019 31
15486020 2
15486021 3
15486022 2
15486023 7
15486024 2
15486025 5
15486026 2
15486027 3
15486028 2
15486029 13
15486030 2
15486031 11
15486032 2
15486033 3
15486034 2
15486035 5
15486036 2
15486037 7
15486038 2
15486039 3
15486040 2
15486041 -1
15486042 2
15486043 283
15486044 2
15486045 3
15486046 2
15486047 -1

-------- 1 ---------
DescribeResult(nobs=10, minmax=(0.4703042507171631, 10.45307445526123), mean=1.5070740938186646, variance=9.881693869669922, skewness=2.6659931134157207, kurtosis=5.109011544360179)
DescribeResult(nobs=10, minmax=(0.4649674892425537, 0.5663707256317139), mean=0.5065411329269409, variance=0.0011674625023090357, skewness=0.261777225236216, kurtosis=-1.1227324531968033)
DescribeResult(nobs=10, minmax=(0.4635951519012451, 0.5657029151916504), mean=0.49971208572387693, variance=0.0010537902452647865, skewness=0.7564115876858906, kurtosis=-0.4297690839504935)
----------------------- 1 -----------------------
-------- 2 ---------
DescribeResult(nobs=10, minmax=(0.510575532913208, 3.177675247192383), mean=0.8105161666870118, variance=0.6925138249789194, skewness=2.661415917228275, kurtosis=5.0946730446401745)
DescribeResult(nobs=10, minmax=(0.5157661437988281, 0.5577664375305176), mean=0.5299646377563476, variance=0.00021514899038821672, skewness=0.6803436189512402, kurtosis=-0.813322100759549)
DescribeResult(nobs=10, minmax=(0.5238587856292725, 0.5761373043060303), mean=0.549090313911438, variance=0.0002751359858677915, skewness=-0.05188870345009527, kurtosis=-0.6746090988314584)
----------------------- 2 -----------------------
-------------------- Global ---------------------

[1.5070740938186646, 0.8105161666870118]


[0.5065411329269409, 0.5299646377563476]


[0.49971208572387693, 0.549090313911438]

-------------------- Global ---------------------